function c = MackenzieSoundSpeed(D, S, T)

c = 1448.96 + 4.591.*T - 5.304 * 10e-2 * T.^2 + 2.374 * 1e-4 * T.^3 +...
    1.340 * (S - 35) + 1.630 * 1e-2 * D + 1.675 * 1e-7 * D.^2 - ...
    1.025 * 1e-2 * T .* (S - 35) - 7.139 * 1e-13 * T .* D.^3;

end